15 73 67 75 3 79 52 9 76 28
85 2 66 12 19 2 50 7 99 50
19 11 5 84 85 55 41 26 13 24
56 57 7 73 95 93 17 54 19 36
79 80 10 83 20 30 65 29 91 75
14 38 59 65 91 56 47 17 22 93
68 84 23 5 43 81 63 13 49 60
16 45 20 68 74 21 67 3 22 9
58 87 65 79 90 61 43 33 15 90
25 20 12 87 74 57 84 15 60 96
33 28 77 1 99 72 83 55 96 13
12 65 10 17 69 53 29 42 62 4
22 98 37 24 94 5 48 53 56 74
22 2 84 48 54 76 93 38 19 21
33 20 68 35 18 57 92 37 63 82
64 79 17 15 61 30 78 90 98 6
19 71 74 98 85 85 27 76 76 70
93 10 65 86 11 20 67 99 77 6
44 34 4 54 52 46 52 3 33 49
42 55 33 46 36 34 26 12 3 99